500
14
13
606
230
497
275
34
314
4
167
799
265
70
154
483
109
820
181
22
775
441
29
39
19
298
11
604
28
1
81
450
228
87
211
38
203
21
860
5
652
645
35
358
233
25
602
41
433
605
964
48
688
92
260
24
125
951
570
241
329
347
98
140
23
567
596
251
663
480
222
514
869
3
387
17
7
286
78
442
50
479
296
166
504
728
202
468
216
560
576
62
16
73
743
364
179
194
467
815
254
196
436
584
412
56
189
724
201
121
136
43
106
644
309
536
63
505
302
367
997
588
74
100
826
493
551
348
439
103
294
141
994
193
159
370
404
546
149
532
499
723
627
849
60
9
509
557
707
462
113
287
112
111
423
756
899
239
75
616
755
184
83
45
209
777
148
245
210
406
446
89
300
393
225
836
277
361
778
332
416
888
702
648
292
120
638
325
272
301
488
736
316
889
923
323
135
208
852
878
829
42
276
132
176
614
127
217
550
139
802
575
970
90
197
654
460
784
219
278
299
186
352
761
998
110
187
122
508
539
258
107
212
174
704
279
145
768
164
311
261
472
313
531
559
477
33
597
213
77
205
374
349
281
283
732
565
192
178
839
142
328
671
247
255
855
282
267
457
463
727
613
229
232
317
357
312
803
451
745
220
319
333
430
507
334
356
933
177
391
908
712
431
533
742
473
360
342
284
340
500
647
561
354
718
538
381
848
235
519
379
303
506
315
502
623
397
950
554
240
268
435
677
377
274
400
293
489
549
540
346
378
320
913
746
170
421
305
827
516
351
491
411
396
448
389
425
362
440
719
962
369
486
682
594
830
326
429
626
629
812
729
922
880
485
921
809
380
530
520
867
767
649
655
776
926
754
453
843
669
865
679
819
658
667
650
924
593
725
907
739
641
992
574
807
541
942
555
592
611
741
730
308
420
811
874
646
610
790
690
779
963
678
747
621
656
693
863
591
556
526
939
706
896
936
738
786
672
708
886
831
766
890
640
821
764
713
822
975
687
692
772
733
515
569
787
691
771
680
642
917
976
456
694
722
978
844
823
877
804
900
972
845
757
791
850
905
931
792
859
851
935
875
906
748
639
986
842
954
734
780
955
785
854
864
870
989
887
987
925
938
893
895
944
914
959
948
966
983
969
971
